Face detection rate: 104/104 frames
Video FPS: 14.985014985014985, Estimated FPS: 14.985014985014985

Best ROI: forehead (variance: 7.69724)

Signal Statistics:
  forehead:
    mean: 105.27110539892261
    std: 2.774390143178211
    min: 100.76883790366936
    max: 115.37054281171928
    length: 104
    variance: 7.69724

  left_cheek:
    mean: 93.25314028057944
    std: 2.6202467443269053
    min: 89.82075471698113
    max: 102.86629213483145
    length: 104
    variance: 6.86569

  right_cheek:
    mean: 136.28734205012918
    std: 2.4133896423349155
    min: 130.56555671175857
    max: 142.5829475308642
    length: 104
    variance: 5.82445

